#Layer_Color=32768
#
#Feature symbol names
#
$0 r3.937
$1 r1.9685
$2 r3

#
#Feature attribute names
#

#
#Layer features
#
L 0.226378 -0.3141331 0.273622 -0.3141331 1 P 0
L 0.226378 -0.3928751 0.226378 -0.3141331 1 P 0
L 0.226378 -0.3928751 0.273622 -0.3928751 1 P 0
L 0.230314 -0.3505511 0.269684 -0.3505511 0 P 0
L 0.2324873 -0.3948037 0.3112273 -0.3948037 1 P 0
L 0.2324873 -0.4420477 0.2324873 -0.3948037 1 P 0
L 0.2324873 -0.4420477 0.3112273 -0.4420477 1 P 0
L 0.236378 0.3535032 0.236378 0.4164952 1 P 0
L 0.236378 0.3535032 0.283622 0.3535032 1 P 0
L 0.236378 0.4164952 0.283622 0.4164952 1 P 0
L 0.2365661 -0.4357877 0.3074321 -0.4357877 1 P 0
L 0.2365661 -0.4672837 0.2365661 -0.4357877 1 P 0
L 0.2365661 -0.4672837 0.3074321 -0.4672837 1 P 0
L 0.240316 0.3849992 0.279686 0.3849992 0 P 0
L 0.25 -0.3702371 0.25 -0.3308671 0 P 0
L 0.2551253 -0.4184257 0.2944953 -0.4184257 0 P 0
L 0.26 0.3653152 0.26 0.4046852 0 P 0
L 0.2601881 -0.4515357 0.2838101 -0.4515357 0 P 0
L 0.2720001 -0.4633457 0.2720001 -0.4397237 0 P 0
L 0.2722841 -0.3161031 0.3077161 -0.3161031 1 P 0
L 0.2722841 -0.3869691 0.2722841 -0.3161031 1 P 0
L 0.2722841 -0.3869691 0.3077161 -0.3869691 1 P 0
L 0.273622 -0.3928751 0.273622 -0.3141331 1 P 0
L 0.2748113 -0.4381097 0.2748113 -0.3987397 0 P 0
L 0.277252 0.3495671 0.277252 0.4204331 1 P 0
L 0.277252 0.3495671 0.308748 0.3495671 1 P 0
L 0.277252 0.4204331 0.308748 0.4204331 1 P 0
L 0.2791741 -0.3515351 0.3008261 -0.3515351 0 P 0
L 0.281188 0.3849991 0.30481 0.3849991 0 P 0
L 0.283622 0.3535032 0.283622 0.4164952 1 P 0
L 0.2900001 -0.3623631 0.2900001 -0.3407091 0 P 0
L 0.293 0.3731891 0.293 0.3968111 0 P 0
L 0.299944 -0.264378 0.378686 -0.264378 1 P 0
L 0.299944 -0.311622 0.299944 -0.264378 1 P 0
L 0.299944 -0.311622 0.378686 -0.311622 1 P 0
L 0.3074321 -0.4672837 0.3074321 -0.4357877 1 P 0
L 0.3077161 -0.3869691 0.3077161 -0.3161031 1 P 0
L 0.308748 0.3495671 0.308748 0.4204331 1 P 0
L 0.3112273 -0.4420477 0.3112273 -0.3948037 1 P 0
L 0.315 -0.308 0.575 -0.308 2 P 0
L 0.315 -0.448 0.315 -0.308 2 P 0
L 0.315 -0.448 0.575 -0.448 2 P 0
L 0.322582 -0.288 0.361952 -0.288 0 P 0
L 0.324315 0.020748 0.324315 0.067992 1 P 0
L 0.324315 0.020748 0.4030551 0.020748 1 P 0
L 0.324315 0.067992 0.4030551 0.067992 1 P 0
L 0.324315 0.116378 0.324315 0.163622 1 P 0
L 0.324315 0.116378 0.4030551 0.116378 1 P 0
L 0.324315 0.163622 0.4030551 0.163622 1 P 0
L 0.32715 0.1819126 0.32715 0.2527786 1 P 0
L 0.32715 0.1819126 0.362584 0.1819126 1 P 0
L 0.32715 0.2527786 0.362584 0.2527786 1 P 0
L 0.3285669 0.0553149 0.3285669 0.094685 1 P 0
L 0.3285669 0.0553149 0.3994331 0.0553149 1 P 0
L 0.3285669 0.094685 0.3994331 0.094685 1 P 0
L 0.3295669 0.0903149 0.3295669 0.129685 1 P 0
L 0.3295669 0.0903149 0.4004331 0.0903149 1 P 0
L 0.3295669 0.129685 0.4004331 0.129685 1 P 0
L 0.3322834 0.0184331 0.3677165 0.0184331 1 P 0
L 0.3322834 -0.052433 0.3322834 0.0184331 1 P 0
L 0.3322834 -0.052433 0.3677165 -0.052433 1 P 0
L 0.3322835 -0.066567 0.3677166 -0.066567 1 P 0
L 0.3322835 -0.1374331 0.3322835 -0.066567 1 P 0
L 0.3322835 -0.1374331 0.3677166 -0.1374331 1 P 0
L 0.33404 0.2173446 0.355694 0.2173446 0 P 0
L 0.3391732 -0.017 0.3608267 -0.017 0 P 0
L 0.3391733 -0.102 0.3608268 -0.102 0 P 0
L 0.3410472 0.04437 0.3804173 0.04437 0 P 0
L 0.3410472 0.14 0.3804173 0.14 0 P 0
L 0.342268 -0.307684 0.342268 -0.268314 0 P 0
L 0.3433233 0.294134 0.3433233 0.435866 1 P 0
L 0.3433233 0.294134 0.5086773 0.294134 1 P 0
L 0.3433233 0.435866 0.5086773 0.435866 1 P 0
L 0.344868 0.2065186 0.344868 0.2281726 0 P 0
L 0.35 -0.0278267 0.35 -0.0061732 0 P 0
L 0.35 -0.1128268 0.35 -0.0911733 0 P 0
L 0.3531732 0.075 0.3748268 0.075 0 P 0
L 0.3541732 0.11 0.3758268 0.11 0 P 0
L 0.3602527 0.1825667 0.3602527 0.2534327 1 P 0
L 0.3602527 0.1825667 0.3917487 0.1825667 1 P 0
L 0.3602527 0.2534327 0.3917487 0.2534327 1 P 0
L 0.3607323 0.024685 0.3607323 0.064055 0 P 0
L 0.3607323 0.120315 0.3607323 0.159685 0 P 0
L 0.362584 0.1819126 0.362584 0.2527786 1 P 0
L 0.364 0.0641732 0.364 0.0858267 0 P 0
L 0.3641887 0.2180007 0.3878107 0.2180007 0 P 0
L 0.365 0.0991732 0.365 0.1208267 0 P 0
L 0.3677165 -0.052433 0.3677165 0.0184331 1 P 0
L 0.3677166 -0.1374331 0.3677166 -0.066567 1 P 0
L 0.375284 -0.2355666 0.410716 -0.2355666 1 P 0
L 0.375284 -0.3064326 0.375284 -0.2355666 1 P 0
L 0.375284 -0.3064326 0.410716 -0.3064326 1 P 0
L 0.3760007 0.2061887 0.3760007 0.2298107 0 P 0
L 0.378686 -0.311622 0.378686 -0.264378 1 P 0
L 0.382174 -0.2710006 0.403826 -0.2710006 0 P 0
L 0.3917487 0.1825667 0.3917487 0.2534327 1 P 0
L 0.393 -0.2818266 0.393 -0.2601726 0 P 0
L 0.3945668 0.270284 0.3945668 0.305716 1 P 0
L 0.3945668 0.270284 0.4654328 0.270284 1 P 0
L 0.3945668 0.305716 0.4654328 0.305716 1 P 0
L 0.3994331 0.0553149 0.3994331 0.094685 1 P 0
L 0.4004331 0.0903149 0.4004331 0.129685 1 P 0
L 0.4020866 0.0618504 0.4020866 0.1681497 1 P 0
L 0.4020866 0.0618504 0.5379134 0.0618504 1 P 0
L 0.4020866 0.1681497 0.5379134 0.1681497 1 P 0
L 0.4030551 0.020748 0.4030551 0.067992 1 P 0
L 0.4030551 0.116378 0.4030551 0.163622 1 P 0
L 0.405284 -0.2355675 0.440716 -0.2355675 1 P 0
L 0.405284 -0.3064335 0.405284 -0.2355675 1 P 0
L 0.405284 -0.3064335 0.440716 -0.3064335 1 P 0
L 0.4063153 0.365 0.4456853 0.365 0 P 0
L 0.410716 -0.3064326 0.410716 -0.2355666 1 P 0
L 0.412174 -0.2709995 0.433826 -0.2709995 0 P 0
L 0.4191728 0.288 0.4408268 0.288 0 P 0
L 0.4195669 0.1622834 0.4195669 0.1977165 1 P 0
L 0.4195669 0.1622834 0.490433 0.1622834 1 P 0
L 0.4195669 0.1977165 0.490433 0.1977165 1 P 0
L 0.423 -0.2818275 0.423 -0.2601735 0 P 0
L 0.4259993 0.345316 0.4259993 0.384686 0 P 0
L 0.4300008 0.277174 0.4300008 0.298826 0 P 0
L 0.433284 -0.2355675 0.468716 -0.2355675 1 P 0
L 0.433284 -0.3064335 0.433284 -0.2355675 1 P 0
L 0.433284 -0.3064335 0.468716 -0.3064335 1 P 0
L 0.440174 -0.2709995 0.461826 -0.2709995 0 P 0
L 0.440716 -0.3064335 0.440716 -0.2355675 1 P 0
L 0.4441732 0.18 0.4658267 0.18 0 P 0
L 0.450315 0.115 0.4896851 0.115 0 P 0
L 0.451 -0.2818275 0.451 -0.2601735 0 P 0
L 0.455 0.1691732 0.455 0.1908267 0 P 0
L 0.4557323 0.0302835 0.4557323 0.0657166 1 P 0
L 0.4557323 0.0302835 0.5265984 0.0302835 1 P 0
L 0.4557323 0.0657166 0.5265984 0.0657166 1 P 0
L 0.457378 -0.227944 0.504622 -0.227944 1 P 0
L 0.457378 -0.306686 0.457378 -0.227944 1 P 0
L 0.457378 -0.306686 0.504622 -0.306686 1 P 0
L 0.461316 -0.270268 0.500686 -0.270268 0 P 0
L 0.4625668 0.269284 0.4625668 0.304716 1 P 0
L 0.4625668 0.269284 0.5334328 0.269284 1 P 0
L 0.4625668 0.304716 0.5334328 0.304716 1 P 0
L 0.462567 0.238252 0.462567 0.269748 1 P 0
L 0.462567 0.238252 0.533433 0.238252 1 P 0
L 0.462567 0.269748 0.533433 0.269748 1 P 0
L 0.4654328 0.270284 0.4654328 0.305716 1 P 0
L 0.468716 -0.3064335 0.468716 -0.2355675 1 P 0
L 0.47 0.095315 0.47 0.1346851 0 P 0
L 0.4803386 0.048 0.5019921 0.048 0 P 0
L 0.481 -0.289952 0.481 -0.250582 0 P 0
L 0.486189 0.254 0.509811 0.254 0 P 0
L 0.4871728 0.287 0.5088268 0.287 0 P 0
L 0.490433 0.1622834 0.490433 0.1977165 1 P 0
L 0.4911653 0.0371733 0.4911653 0.0588268 0 P 0
L 0.4980008 0.276174 0.4980008 0.297826 0 P 0
L 0.498001 0.24219 0.498001 0.265812 0 P 0
L 0.503378 -0.226944 0.550622 -0.226944 1 P 0
L 0.503378 -0.305686 0.503378 -0.226944 1 P 0
L 0.503378 -0.305686 0.550622 -0.305686 1 P 0
L 0.504622 -0.306686 0.504622 -0.227944 1 P 0
L 0.507316 -0.269268 0.546686 -0.269268 0 P 0
L 0.5086773 0.294134 0.5086773 0.435866 1 P 0
L 0.5265984 0.0302835 0.5265984 0.0657166 1 P 0
L 0.527 -0.288952 0.527 -0.249582 0 P 0
L 0.5334328 0.269284 0.5334328 0.304716 1 P 0
L 0.533433 0.238252 0.533433 0.269748 1 P 0
L 0.5343307 -0.0605197 0.5343307 0.1599527 1 P 0
L 0.5343307 -0.0605197 0.8256693 -0.0605197 1 P 0
L 0.5343307 0.1599527 0.8256693 0.1599527 1 P 0
L 0.5355842 0.231456 0.5355842 0.302324 1 P 0
L 0.5355842 0.231456 0.5670802 0.231456 1 P 0
L 0.5355842 0.302324 0.5670802 0.302324 1 P 0
L 0.536378 -0.226944 0.583622 -0.226944 1 P 0
L 0.536378 -0.305686 0.536378 -0.226944 1 P 0
L 0.536378 -0.305686 0.583622 -0.305686 1 P 0
L 0.5379134 0.0618504 0.5379134 0.1681497 1 P 0
L 0.5395222 0.26689 0.5631442 0.26689 0 P 0
L 0.540316 -0.269268 0.579686 -0.269268 0 P 0
L 0.550622 -0.305686 0.550622 -0.226944 1 P 0
L 0.5513322 0.255078 0.5513322 0.278702 0 P 0
L 0.56 -0.288952 0.56 -0.249582 0 P 0
L 0.5670802 0.231456 0.5670802 0.302324 1 P 0
L 0.5695669 0.1492834 0.5695669 0.1847165 1 P 0
L 0.5695669 0.1492834 0.640433 0.1492834 1 P 0
L 0.5695669 0.1847165 0.640433 0.1847165 1 P 0
L 0.575 -0.448 0.575 -0.308 2 P 0
L 0.5815674 0.2682833 0.5815674 0.3037173 1 P 0
L 0.5815674 0.2682833 0.6524334 0.2682833 1 P 0
L 0.5815674 0.3037173 0.6524334 0.3037173 1 P 0
L 0.583622 -0.305686 0.583622 -0.226944 1 P 0
L 0.5941732 0.167 0.6158267 0.167 0 P 0
L 0.605 0.1561732 0.605 0.1778267 0 P 0
L 0.6061734 0.2859993 0.6278274 0.2859993 0 P 0
L 0.6079129 -0.2657875 0.7720869 -0.2657875 1 P 0
L 0.6079129 -0.3642135 0.6079129 -0.2657875 1 P 0
L 0.6079129 -0.3642135 0.7720869 -0.3642135 1 P 0
L 0.6169994 0.2751733 0.6169994 0.2968273 0 P 0
L 0.640433 0.1492834 0.640433 0.1847165 1 P 0
L 0.6524334 0.2682833 0.6524334 0.3037173 1 P 0
L 0.6603149 0.0497165 0.699685 0.0497165 0 P 0
L 0.6703149 -0.3149995 0.7096849 -0.3149995 0 P 0
L 0.68 0.0300315 0.68 0.0694015 0 P 0
L 0.6900009 -0.3346855 0.6900009 -0.2953155 0 P 0
L 0.7245669 -0.1322835 0.795433 -0.1322835 1 P 0
L 0.7245669 -0.1677166 0.7245669 -0.1322835 1 P 0
L 0.7245669 -0.1677166 0.795433 -0.1677166 1 P 0
L 0.724567 -0.2022834 0.7954331 -0.2022834 1 P 0
L 0.724567 -0.2377165 0.724567 -0.2022834 1 P 0
L 0.724567 -0.2377165 0.7954331 -0.2377165 1 P 0
L 0.7245674 -0.167284 0.7954334 -0.167284 1 P 0
L 0.7245674 -0.202716 0.7245674 -0.167284 1 P 0
L 0.7245674 -0.202716 0.7954334 -0.202716 1 P 0
L 0.7245678 -0.239252 0.7954338 -0.239252 1 P 0
L 0.7245678 -0.270748 0.7245678 -0.239252 1 P 0
L 0.7245678 -0.270748 0.7954338 -0.270748 1 P 0
L 0.746284 0.1855666 0.746284 0.2564326 1 P 0
L 0.746284 0.1855666 0.781716 0.1855666 1 P 0
L 0.746284 0.2564326 0.781716 0.2564326 1 P 0
L 0.7481898 -0.255 0.7718118 -0.255 0 P 0
L 0.7491732 -0.15 0.7708267 -0.15 0 P 0
L 0.7491733 -0.22 0.7708268 -0.22 0 P 0
L 0.7491734 -0.185 0.7708274 -0.185 0 P 0
L 0.749567 0.1552519 0.749567 0.186748 1 P 0
L 0.749567 0.1552519 0.8204331 0.1552519 1 P 0
L 0.749567 0.186748 0.8204331 0.186748 1 P 0
L 0.753174 0.2210006 0.774826 0.2210006 0 P 0
L 0.7595665 0.287284 0.7595665 0.322716 1 P 0
L 0.7595665 0.287284 0.8304325 0.287284 1 P 0
L 0.7595665 0.322716 0.8304325 0.322716 1 P 0
L 0.7595665 0.323284 0.7595665 0.358716 1 P 0
L 0.7595665 0.323284 0.8304325 0.323284 1 P 0
L 0.7595665 0.358716 0.8304325 0.358716 1 P 0
L 0.7599994 -0.195826 0.7599994 -0.174174 0 P 0
L 0.7599998 -0.266812 0.7599998 -0.24319 0 P 0
L 0.76 -0.1608268 0.76 -0.1391733 0 P 0
L 0.76 -0.2308267 0.76 -0.2091732 0 P 0
L 0.764 0.2101726 0.764 0.2318266 0 P 0
L 0.7680773 -0.269725 0.8035093 -0.269725 1 P 0
L 0.7680773 -0.340591 0.7680773 -0.269725 1 P 0
L 0.7680773 -0.340591 0.8035093 -0.340591 1 P 0
L 0.7720869 -0.3642135 0.7720869 -0.2657875 1 P 0
L 0.773189 0.171 0.7968111 0.171 0 P 0
L 0.7749673 -0.305157 0.7966193 -0.305157 0 P 0
L 0.780252 0.1855662 0.780252 0.2564322 1 P 0
L 0.780252 0.1855662 0.811748 0.1855662 1 P 0
L 0.780252 0.2564322 0.811748 0.2564322 1 P 0
L 0.781716 0.1855666 0.781716 0.2564326 1 P 0
L 0.7841725 0.305 0.8058265 0.305 0 P 0
L 0.7841725 0.341 0.8058265 0.341 0 P 0
L 0.78419 0.2210002 0.807812 0.2210002 0 P 0
L 0.785 0.159189 0.785 0.182811 0 P 0
L 0.7857933 -0.315985 0.7857933 -0.294331 0 P 0
L 0.7950005 0.294174 0.7950005 0.315826 0 P 0
L 0.7950005 0.330174 0.7950005 0.351826 0 P 0
L 0.7953938 -0.269725 0.8308258 -0.269725 1 P 0
L 0.7953938 -0.340591 0.7953938 -0.269725 1 P 0
L 0.7953938 -0.340591 0.8308258 -0.340591 1 P 0
L 0.795433 -0.1677166 0.795433 -0.1322835 1 P 0
L 0.7954331 -0.2377165 0.7954331 -0.2022834 1 P 0
L 0.7954334 -0.202716 0.7954334 -0.167284 1 P 0
L 0.7954338 -0.270748 0.7954338 -0.239252 1 P 0
L 0.796 0.2091882 0.796 0.2328102 0 P 0
L 0.8022838 -0.305157 0.8239358 -0.305157 0 P 0
L 0.8035093 -0.340591 0.8035093 -0.269725 1 P 0
L 0.811748 0.1855662 0.811748 0.2564322 1 P 0
L 0.8131098 -0.315985 0.8131098 -0.294331 0 P 0
L 0.8204331 0.1552519 0.8204331 0.186748 1 P 0
L 0.8256693 -0.0605197 0.8256693 0.1599527 1 P 0
L 0.8304325 0.287284 0.8304325 0.322716 1 P 0
L 0.8304325 0.323284 0.8304325 0.358716 1 P 0
L 0.8308258 -0.340591 0.8308258 -0.269725 1 P 0
L 1.096252 0.380567 1.096252 0.4514331 1 P 0
L 1.096252 0.380567 1.1277481 0.380567 1 P 0
L 1.096252 0.4514331 1.1277481 0.4514331 1 P 0
L 1.100189 0.416 1.123811 0.416 0 P 0
L 1.1045666 -0.377284 1.1754326 -0.377284 1 P 0
L 1.1045666 -0.412716 1.1045666 -0.377284 1 P 0
L 1.1045666 -0.412716 1.1754326 -0.412716 1 P 0
L 1.112 0.404189 1.112 0.4278111 0 P 0
L 1.1277481 0.380567 1.1277481 0.4514331 1 P 0
L 1.1291726 -0.395 1.1508266 -0.395 0 P 0
L 1.1400006 -0.405826 1.1400006 -0.384174 0 P 0
L 1.1754326 -0.412716 1.1754326 -0.377284 1 P 0
L 1.231252 0.380567 1.231252 0.4514331 1 P 0
L 1.231252 0.380567 1.2627481 0.380567 1 P 0
L 1.231252 0.4514331 1.2627481 0.4514331 1 P 0
L 1.235189 0.416 1.258811 0.416 0 P 0
L 1.247 0.404189 1.247 0.4278111 0 P 0
L 1.2627481 0.380567 1.2627481 0.4514331 1 P 0
L 1.2795669 0.3801732 1.2795669 0.4156063 1 P 0
L 1.2795669 0.3801732 1.350433 0.3801732 1 P 0
L 1.2795669 0.4156063 1.350433 0.4156063 1 P 0
L 1.3041732 0.3978898 1.3258267 0.3978898 0 P 0
L 1.315 0.387063 1.315 0.4087165 0 P 0
L 1.350433 0.3801732 1.350433 0.4156063 1 P 0
L 1.4895678 0.369252 1.4895678 0.400748 1 P 0
L 1.4895678 0.369252 1.5604338 0.369252 1 P 0
L 1.4895678 0.400748 1.5604338 0.400748 1 P 0
L 1.5131898 0.385 1.5368118 0.385 0 P 0
L 1.5249998 0.373188 1.5249998 0.39681 0 P 0
L 1.5604338 0.369252 1.5604338 0.400748 1 P 0
