#Layer_Color=16711935
#
#Feature symbol names
#
$0 r3.937

#
#Feature attribute names
#

#
#Layer features
#
A 0.6563779 0.1146771 0.6563779 0.1146771 0.6366929 0.1146771 0 P 0 N
A 0.678189 -0.3071259 0.678189 -0.3071259 0.662441 -0.3071259 0 P 0 N
L 0.23622 -0.3288971 0.26378 -0.3288971 0 P 0
L 0.23622 -0.3722051 0.23622 -0.3288971 0 P 0
L 0.23622 -0.3722051 0.26378 -0.3722051 0 P 0
L 0.24622 0.3633472 0.24622 0.4066532 0 P 0
L 0.24622 0.3633472 0.27378 0.3633472 0 P 0
L 0.24622 0.4066532 0.27378 0.4066532 0 P 0
L 0.2531573 -0.4046457 0.2964653 -0.4046457 0 P 0
L 0.2531573 -0.4322057 0.2531573 -0.4046457 0 P 0
L 0.2531573 -0.4322057 0.2964653 -0.4322057 0 P 0
L 0.2542841 -0.4397237 0.2897161 -0.4397237 0 P 0
L 0.2542841 -0.4633457 0.2542841 -0.4397237 0 P 0
L 0.2542841 -0.4633457 0.2897161 -0.4633457 0 P 0
L 0.26378 -0.3722051 0.26378 -0.3288971 0 P 0
L 0.27378 0.3633472 0.27378 0.4066532 0 P 0
L 0.2791741 -0.3308671 0.3008261 -0.3308671 0 P 0
L 0.2791741 -0.3722051 0.2791741 -0.3308671 0 P 0
L 0.2791741 -0.3722051 0.3008261 -0.3722051 0 P 0
L 0.281188 0.3672831 0.281188 0.4027171 0 P 0
L 0.281188 0.3672831 0.30481 0.3672831 0 P 0
L 0.281188 0.4027171 0.30481 0.4027171 0 P 0
L 0.2897161 -0.4633457 0.2897161 -0.4397237 0 P 0
L 0.2964653 -0.4322057 0.2964653 -0.4046457 0 P 0
L 0.3008261 -0.3722051 0.3008261 -0.3308671 0 P 0
L 0.30481 0.3672831 0.30481 0.4027171 0 P 0
L 0.320614 -0.27422 0.363922 -0.27422 0 P 0
L 0.320614 -0.30178 0.320614 -0.27422 0 P 0
L 0.320614 -0.30178 0.363922 -0.30178 0 P 0
L 0.33404 0.1966766 0.33404 0.2380146 0 P 0
L 0.33404 0.1966766 0.355694 0.1966766 0 P 0
L 0.33404 0.2380146 0.355694 0.2380146 0 P 0
L 0.3390787 0.0305905 0.3390787 0.0581495 0 P 0
L 0.3390787 0.0305905 0.3823858 0.0305905 0 P 0
L 0.3390787 0.0581495 0.3823858 0.0581495 0 P 0
L 0.3390787 0.1262205 0.3390787 0.1537795 0 P 0
L 0.3390787 0.1262205 0.3823858 0.1262205 0 P 0
L 0.3390787 0.1537795 0.3823858 0.1537795 0 P 0
L 0.3391732 0.0036693 0.3608267 0.0036693 0 P 0
L 0.3391732 -0.0376693 0.3391732 0.0036693 0 P 0
L 0.3391732 -0.0376693 0.3608267 -0.0376693 0 P 0
L 0.3391733 -0.0813307 0.3608268 -0.0813307 0 P 0
L 0.3391733 -0.1226693 0.3391733 -0.0813307 0 P 0
L 0.3391733 -0.1226693 0.3608268 -0.1226693 0 P 0
L 0.3433307 0.0641732 0.3433307 0.0858267 0 P 0
L 0.3433307 0.0641732 0.3846693 0.0641732 0 P 0
L 0.3433307 0.0858267 0.3846693 0.0858267 0 P 0
L 0.3443307 0.0991732 0.3443307 0.1208267 0 P 0
L 0.3443307 0.0991732 0.3856693 0.0991732 0 P 0
L 0.3443307 0.1208267 0.3856693 0.1208267 0 P 0
L 0.355694 0.1966766 0.355694 0.2380146 0 P 0
L 0.3608267 -0.0376693 0.3608267 0.0036693 0 P 0
L 0.3608268 -0.1226693 0.3608268 -0.0813307 0 P 0
L 0.363922 -0.30178 0.363922 -0.27422 0 P 0
L 0.3641887 0.2002827 0.3641887 0.2357167 0 P 0
L 0.3641887 0.2002827 0.3878107 0.2002827 0 P 0
L 0.3641887 0.2357167 0.3878107 0.2357167 0 P 0
L 0.382174 -0.2503306 0.403826 -0.2503306 0 P 0
L 0.382174 -0.2916686 0.382174 -0.2503306 0 P 0
L 0.382174 -0.2916686 0.403826 -0.2916686 0 P 0
L 0.3823858 0.0305905 0.3823858 0.0581495 0 P 0
L 0.3823858 0.1262205 0.3823858 0.1537795 0 P 0
L 0.3846693 0.0641732 0.3846693 0.0858267 0 P 0
L 0.3856693 0.0991732 0.3856693 0.1208267 0 P 0
L 0.3878107 0.2002827 0.3878107 0.2357167 0 P 0
L 0.3945033 0.303976 0.3945033 0.426024 0 P 0
L 0.3945033 0.303976 0.4574953 0.303976 0 P 0
L 0.3945033 0.426024 0.4574953 0.426024 0 P 0
L 0.403826 -0.2916686 0.403826 -0.2503306 0 P 0
L 0.4093308 0.277174 0.4093308 0.298826 0 P 0
L 0.4093308 0.277174 0.4506688 0.277174 0 P 0
L 0.4093308 0.298826 0.4506688 0.298826 0 P 0
L 0.412174 -0.2503315 0.433826 -0.2503315 0 P 0
L 0.412174 -0.2916695 0.412174 -0.2503315 0 P 0
L 0.412174 -0.2916695 0.433826 -0.2916695 0 P 0
L 0.433826 -0.2916695 0.433826 -0.2503315 0 P 0
L 0.4343307 0.1691732 0.4343307 0.1908267 0 P 0
L 0.4343307 0.1691732 0.4756693 0.1691732 0 P 0
L 0.4343307 0.1908267 0.4756693 0.1908267 0 P 0
L 0.440174 -0.2503315 0.461826 -0.2503315 0 P 0
L 0.440174 -0.2916695 0.440174 -0.2503315 0 P 0
L 0.440174 -0.2916695 0.461826 -0.2916695 0 P 0
L 0.4434252 0.071693 0.4434252 0.1583071 0 P 0
L 0.4434252 0.071693 0.4965748 0.071693 0 P 0
L 0.4434252 0.1583071 0.4965748 0.1583071 0 P 0
L 0.4506688 0.277174 0.4506688 0.298826 0 P 0
L 0.4574953 0.303976 0.4574953 0.426024 0 P 0
L 0.461826 -0.2916695 0.461826 -0.2503315 0 P 0
L 0.46722 -0.248614 0.49478 -0.248614 0 P 0
L 0.46722 -0.291922 0.46722 -0.248614 0 P 0
L 0.46722 -0.291922 0.49478 -0.291922 0 P 0
L 0.470496 0.0371733 0.470496 0.0588268 0 P 0
L 0.470496 0.0371733 0.5118346 0.0371733 0 P 0
L 0.470496 0.0588268 0.5118346 0.0588268 0 P 0
L 0.4756693 0.1691732 0.4756693 0.1908267 0 P 0
L 0.4773308 0.276174 0.4773308 0.297826 0 P 0
L 0.4773308 0.276174 0.5186688 0.276174 0 P 0
L 0.4773308 0.297826 0.5186688 0.297826 0 P 0
L 0.480283 0.24219 0.480283 0.265812 0 P 0
L 0.480283 0.24219 0.515717 0.24219 0 P 0
L 0.480283 0.265812 0.515717 0.265812 0 P 0
L 0.49478 -0.291922 0.49478 -0.248614 0 P 0
L 0.4965748 0.071693 0.4965748 0.1583071 0 P 0
L 0.5118346 0.0371733 0.5118346 0.0588268 0 P 0
L 0.51322 -0.247614 0.54078 -0.247614 0 P 0
L 0.51322 -0.290922 0.51322 -0.247614 0 P 0
L 0.51322 -0.290922 0.54078 -0.290922 0 P 0
L 0.515717 0.24219 0.515717 0.265812 0 P 0
L 0.5186688 0.276174 0.5186688 0.297826 0 P 0
L 0.5395222 0.249174 0.5395222 0.284606 0 P 0
L 0.5395222 0.249174 0.5631442 0.249174 0 P 0
L 0.5395222 0.284606 0.5631442 0.284606 0 P 0
L 0.54078 -0.290922 0.54078 -0.247614 0 P 0
L 0.54622 -0.247614 0.57378 -0.247614 0 P 0
L 0.54622 -0.290922 0.54622 -0.247614 0 P 0
L 0.54622 -0.290922 0.57378 -0.290922 0 P 0
L 0.5631442 0.249174 0.5631442 0.284606 0 P 0
L 0.57378 -0.290922 0.57378 -0.247614 0 P 0
L 0.5843307 0.1561732 0.5843307 0.1778267 0 P 0
L 0.5843307 0.1561732 0.6256693 0.1561732 0 P 0
L 0.5843307 0.1778267 0.6256693 0.1778267 0 P 0
L 0.5963314 0.2751733 0.5963314 0.2968273 0 P 0
L 0.5963314 0.2751733 0.6376694 0.2751733 0 P 0
L 0.5963314 0.2968273 0.6376694 0.2968273 0 P 0
L 0.6012598 -0.0506772 0.6012598 0.1501102 0 P 0
L 0.6012598 -0.0506772 0.7587401 -0.0506772 0 P 0
L 0.6012598 0.1501102 0.7587401 0.1501102 0 P 0
L 0.6256693 0.1561732 0.6256693 0.1778267 0 P 0
L 0.6309449 -0.2756295 0.7490549 -0.2756295 0 P 0
L 0.6309449 -0.3543695 0.6309449 -0.2756295 0 P 0
L 0.6309449 -0.3543695 0.7490549 -0.3543695 0 P 0
L 0.6376694 0.2751733 0.6376694 0.2968273 0 P 0
L 0.7393307 -0.1391733 0.7806693 -0.1391733 0 P 0
L 0.7393307 -0.1608268 0.7393307 -0.1391733 0 P 0
L 0.7393307 -0.1608268 0.7806693 -0.1608268 0 P 0
L 0.7393307 -0.2091732 0.7806693 -0.2091732 0 P 0
L 0.7393307 -0.2308267 0.7393307 -0.2091732 0 P 0
L 0.7393307 -0.2308267 0.7806693 -0.2308267 0 P 0
L 0.7393314 -0.174174 0.7806694 -0.174174 0 P 0
L 0.7393314 -0.195826 0.7393314 -0.174174 0 P 0
L 0.7393314 -0.195826 0.7806694 -0.195826 0 P 0
L 0.7422838 -0.24319 0.7777158 -0.24319 0 P 0
L 0.7422838 -0.266812 0.7422838 -0.24319 0 P 0
L 0.7422838 -0.266812 0.7777158 -0.266812 0 P 0
L 0.7490549 -0.3543695 0.7490549 -0.2756295 0 P 0
L 0.753174 0.2003306 0.753174 0.2416686 0 P 0
L 0.753174 0.2003306 0.774826 0.2003306 0 P 0
L 0.753174 0.2416686 0.774826 0.2416686 0 P 0
L 0.7587401 -0.0506772 0.7587401 0.1501102 0 P 0
L 0.7672835 0.159189 0.7672835 0.182811 0 P 0
L 0.7672835 0.159189 0.8027166 0.159189 0 P 0
L 0.7672835 0.182811 0.8027166 0.182811 0 P 0
L 0.7743305 0.294174 0.7743305 0.315826 0 P 0
L 0.7743305 0.294174 0.8156685 0.294174 0 P 0
L 0.7743305 0.315826 0.8156685 0.315826 0 P 0
L 0.7743305 0.330174 0.7743305 0.351826 0 P 0
L 0.7743305 0.330174 0.8156685 0.330174 0 P 0
L 0.7743305 0.351826 0.8156685 0.351826 0 P 0
L 0.774826 0.2003306 0.774826 0.2416686 0 P 0
L 0.7749673 -0.284489 0.7966193 -0.284489 0 P 0
L 0.7749673 -0.325827 0.7749673 -0.284489 0 P 0
L 0.7749673 -0.325827 0.7966193 -0.325827 0 P 0
L 0.7777158 -0.266812 0.7777158 -0.24319 0 P 0
L 0.7806693 -0.1608268 0.7806693 -0.1391733 0 P 0
L 0.7806693 -0.2308267 0.7806693 -0.2091732 0 P 0
L 0.7806694 -0.195826 0.7806694 -0.174174 0 P 0
L 0.78419 0.2032842 0.78419 0.2387162 0 P 0
L 0.78419 0.2032842 0.807812 0.2032842 0 P 0
L 0.78419 0.2387162 0.807812 0.2387162 0 P 0
L 0.7966193 -0.325827 0.7966193 -0.284489 0 P 0
L 0.8022838 -0.284489 0.8239358 -0.284489 0 P 0
L 0.8022838 -0.325827 0.8022838 -0.284489 0 P 0
L 0.8022838 -0.325827 0.8239358 -0.325827 0 P 0
L 0.8027166 0.159189 0.8027166 0.182811 0 P 0
L 0.807812 0.2032842 0.807812 0.2387162 0 P 0
L 0.8156685 0.294174 0.8156685 0.315826 0 P 0
L 0.8156685 0.330174 0.8156685 0.351826 0 P 0
L 0.8239358 -0.325827 0.8239358 -0.284489 0 P 0
L 1.100189 0.3982835 1.100189 0.4337166 0 P 0
L 1.100189 0.3982835 1.123811 0.3982835 0 P 0
L 1.100189 0.4337166 1.123811 0.4337166 0 P 0
L 1.1193306 -0.384174 1.1606686 -0.384174 0 P 0
L 1.1193306 -0.405826 1.1193306 -0.384174 0 P 0
L 1.1193306 -0.405826 1.1606686 -0.405826 0 P 0
L 1.123811 0.3982835 1.123811 0.4337166 0 P 0
L 1.1606686 -0.405826 1.1606686 -0.384174 0 P 0
L 1.235189 0.3982835 1.235189 0.4337166 0 P 0
L 1.235189 0.3982835 1.258811 0.3982835 0 P 0
L 1.235189 0.4337166 1.258811 0.4337166 0 P 0
L 1.258811 0.3982835 1.258811 0.4337166 0 P 0
L 1.2943307 0.387063 1.2943307 0.4087165 0 P 0
L 1.2943307 0.387063 1.3356693 0.387063 0 P 0
L 1.2943307 0.4087165 1.3356693 0.4087165 0 P 0
L 1.3356693 0.387063 1.3356693 0.4087165 0 P 0
L 1.5072838 0.373188 1.5072838 0.39681 0 P 0
L 1.5072838 0.373188 1.5427158 0.373188 0 P 0
L 1.5072838 0.39681 1.5427158 0.39681 0 P 0
L 1.5427158 0.373188 1.5427158 0.39681 0 P 0
